VPSSDK Version : 0.8.0

Enter Tracking thread

deviceName : HD Webcam, deviceModel : 

Enter Tracking thread

VPSFusionLogic::_initialize

Find Image

-0.2334825,0.5101743,-0.8277731,0,-0.16817881,-0.8596602,-0.48239028,0,-0.9577066,0.026584232,0.286516,0,51.43703,106.87015,150.68663,1

Enter Tracking thread

VPSFusionLogic::_initialize

Enter Tracking thread

VPSFusionLogic::_initialize

Enter Tracking thread

VPSFusionLogic::_initialize

Enter Tracking thread

VPSFusionLogic::_initialize

Enter Tracking thread

VPSFusionLogic::_initialize

Enter Tracking thread

VPSFusionLogic::_initialize

Find Image

0.035100892,-0.94158703,0.33493552,0,0.039325014,0.33618376,0.94097507,0,-0.9986098,-0.019857742,0.04882826,0,0.007232057,24.34448,-28.193771,1

Find Image

0.044584185,-0.95143944,0.30459043,0,0.04130414,0.30638844,0.95101005,0,-0.9981514,-0.029819205,0.052958433,0,-0.43279403,25.250767,-27.397802,1

Enter Tracking thread

VPSFusionLogic::_initialize

Enter Tracking thread

VPSFusionLogic::_initialize

Enter Tracking thread

VPSFusionLogic::_initialize

Enter Tracking thread

VPSFusionLogic::_initialize

deviceName : HD Webcam, deviceModel : 

VPSSDK Version : 0.8.0

Enter Tracking thread

VPSFusionLogic::_initialize

Find Image

0.0031705499,0.25595906,-0.96668243,0,0.0052908584,-0.96667814,-0.25594056,0,-0.99998105,-0.0043030973,-0.004419224,0,1.7264122,-0.52369475,1.6531281,1

Find Image

-0.012026485,0.3787516,-0.9254203,0,-0.023333658,-0.92534155,-0.37841612,0,-0.9996554,0.017042441,0.019966176,0,1.7320015,-0.77988905,1.5053849,1

Find Image

-0.010666952,0.14756398,-0.9889951,0,0.0315419,-0.98850954,-0.14783172,0,-0.99944556,-0.032771684,0.0058898013,0,1.7678632,-0.3304921,1.6497102,1

Enter Tracking thread

VPSFusionLogic::_initialize

Find Image

-0.023016438,0.44847724,-0.8934979,0,-0.021850277,-0.89374685,-0.44803932,0,-0.9994963,0.009210912,0.030370194,0,1.7538481,-0.79792887,1.433715,1

Find Image

-0.012079012,0.14820822,-0.9888824,0,0.033974115,-0.9883228,-0.14853932,0,-0.9993498,-0.035390608,0.006902653,0,1.7671239,-0.3262768,1.6382077,1

Enter Tracking thread

VPSFusionLogic::_initialize

Find Image

-0.027720066,0.46242493,-0.88622504,0,-0.024573658,-0.88661313,-0.46185875,0,-0.9993137,0.00897506,0.035940345,0,1.7683743,-0.77681804,1.4760077,1

Find Image

-0.0027477357,0.14929067,-0.98878956,0,0.036774192,-0.9881094,-0.14929016,0,-0.99931985,-0.036772143,-0.00277503,0,1.8232801,-0.2989543,1.6647048,1

Enter Tracking thread

VPSFusionLogic::_initialize

Find Image

-0.027900325,0.4684593,-0.88304454,0,-0.028391829,-0.8834035,-0.46775264,0,-0.9992075,0.0120208375,0.037947495,0,1.7585258,-0.8155923,1.451822,1

Find Image

0.001392468,0.14789213,-0.9890026,0,0.03504028,-0.98840344,-0.1477532,0,-0.99938494,-0.03444918,-0.0065585775,0,1.85109,-0.313525,1.6398913,1

Enter Tracking thread

VPSFusionLogic::_initialize

Enter Tracking thread

VPSFusionLogic::_initialize

Find Image

0.035430137,0.02228097,-0.9991238,0,0.0026134595,-0.9997502,-0.022202263,0,-0.9993688,-0.0018245388,-0.03547963,0,1.6626266,-0.1770231,1.8043221,1

Enter Tracking thread

VPSFusionLogic::_initialize

Find Image

0.04940572,0.06656104,-0.9965584,0,0.0062014265,-0.9977782,-0.06633507,0,-0.99875957,-0.0029027516,-0.04970875,0,1.6814265,-6.85467,0.95545936,1

deviceName : HD Webcam, deviceModel : 

VPSSDK Version : 0.8.0

Enter Tracking thread

VPSFusionLogic::_initialize

Find Image

-0.013352814,0.40481377,-0.91430175,0,-0.02028404,-0.9143048,-0.40451887,0,-0.99970514,0.013144295,0.020419661,0,1.7481099,-0.7642503,1.5069938,1

Find Image

-0.033483796,0.48960727,-0.8713,0,-0.035869416,-0.8718159,-0.48851874,0,-0.9987954,0.014895576,0.04675357,0,1.7640833,-0.91703945,1.363601,1

deviceName : HD Webcam, deviceModel : 

VPSSDK Version : 0.8.0

Enter Tracking thread

VPSFusionLogic::_initialize

Find Image

0.036259815,-0.9418976,0.33393767,0,0.040094133,0.33525944,0.9412724,0,-0.99853784,-0.020741483,0.049920965,0,-0.058612578,24.335857,-28.143583,1

Find Image

0.026579145,-0.9536017,0.29989544,0,0.037239585,0.3007377,0.95297956,0,-0.9989528,-0.014161402,0.043505084,0,0.34005138,25.499878,-27.366533,1

Enter Tracking thread

VPSFusionLogic::_initialize

Find Image

0.037368,-0.939975,0.33919126,0,0.044016235,0.34064707,0.93916035,0,-0.9983318,-0.020164669,0.054103427,0,-0.19052464,24.1496,-28.263382,1

